ii                            mean         std         2.5q         25q         50q         75q      97.5q       mc_err
a(0.0)                     2.12083    0.180185      1.76005     1.99853     2.12712     2.24339    2.46467   0.00407398
a(0.2)                      2.0562    0.171334      1.72161     1.94322     2.05621     2.17405    2.39351   0.00370779
a(1.0)                     2.02653   0.0916254      1.84433     1.96859     2.02676     2.08681    2.21026   0.00222416
a(1.1)                     2.00318    0.100652      1.79087     1.94228     2.00343      2.0698    2.20957   0.00267711
a(1.2)                     1.90924   0.0988584        1.722     1.84053     1.90713     1.97626     2.1117   0.00245627
a_std                     0.601207   0.0432556      0.52606    0.571081    0.596507    0.628631   0.692952   0.00121347
a_subj(0.0).39             1.11081   0.0392332      1.03633     1.08433     1.11082     1.13809    1.18537    0.0014366
a_subj(0.2).39             1.22124   0.0329338      1.15857      1.1978     1.22065      1.2436    1.28604   0.00104829
a_subj(0.0).40               2.428   0.0681361      2.29199     2.38317     2.42874      2.4737     2.5677   0.00206147
a_subj(0.2).40             2.08796   0.0605125      1.97238     2.04571     2.08664     2.12933    2.20208   0.00178073
a_subj(0.0).41             2.93534   0.0811279      2.77593     2.88087     2.93426      2.9899    3.10115   0.00233296
a_subj(0.2).41             3.09154    0.087467      2.92847     3.03083     3.09188     3.15043      3.268   0.00240605
a_subj(0.0).42             2.32716   0.0817708      2.17684     2.27127     2.32412     2.38056    2.49224   0.00279747
a_subj(0.2).42             2.72558    0.100546      2.53066     2.65785     2.72648     2.79119    2.92426   0.00351244
a_subj(0.0).43             2.71219     0.13023      2.46966      2.6175     2.71377      2.7985    2.97857   0.00646574
a_subj(0.2).43             2.60531   0.0907842      2.43247     2.54435     2.60422     2.66343    2.79986   0.00288635
a_subj(0.0).44             2.87452    0.136953       2.6105     2.78285     2.87277     2.96746    3.14202   0.00604954
a_subj(0.2).44             2.53033    0.121765      2.31602     2.44464     2.52621     2.60966    2.79288    0.0059647
a_subj(0.0).45             1.77142   0.0874513      1.60949     1.70993     1.77037     1.83266    1.95181   0.00432601
a_subj(0.2).45             1.64487    0.076017      1.50372     1.59251      1.6419     1.69578    1.79944   0.00361556
a_subj(0.0).46             2.74903   0.0932632       2.5615     2.68669     2.74671     2.80936    2.93433   0.00358855
a_subj(0.2).46              2.2879    0.105805      2.10415     2.21291     2.28067     2.35423    2.51275   0.00461348
a_subj(0.0).47             1.47914   0.0534896      1.38046     1.44103     1.47711     1.51409    1.58612   0.00176823
a_subj(0.2).47             1.42167   0.0543385      1.32242     1.38412     1.41832     1.45747    1.53195   0.00223613
a_subj(0.0).48             1.66051   0.0841277      1.50693     1.60365       1.657      1.7138    1.84073    0.0043337
a_subj(0.2).48             1.55662    0.073028      1.41573     1.50801     1.55577     1.60331    1.70975   0.00343659
a_subj(1.0).1              1.46584   0.0529156      1.36534     1.43112     1.46357     1.49777    1.57524   0.00173708
a_subj(1.1).1              2.01981   0.0648878      1.89278     1.97372     2.02087     2.06526    2.14653   0.00202747
a_subj(1.2).1              1.72199   0.0620168      1.60824     1.68006     1.71942     1.76129    1.85298   0.00237935
a_subj(1.0).2              1.66318   0.0394243      1.58546     1.63667     1.66299     1.69113    1.73943   0.00102607
a_subj(1.1).2              1.91934   0.0703415      1.78413     1.87265     1.92001     1.96724    2.05777    0.0026006
a_subj(1.2).2               1.5128   0.0460547      1.42608     1.48021     1.51132     1.54279    1.60546   0.00132544
a_subj(1.0).3              2.21044    0.070165      2.07769     2.16383     2.21044     2.25822    2.34654   0.00209986
a_subj(1.1).3               1.9502   0.0710602      1.81488     1.90166     1.95001     1.99804      2.092   0.00277988
a_subj(1.2).3              1.50029    0.045053      1.41225     1.46868     1.50112     1.53139    1.58757   0.00129678
a_subj(1.0).4              1.17332    0.036057      1.10357     1.14851     1.17291     1.19854    1.24369   0.00104319
a_subj(1.1).4              1.14389   0.0410987      1.06774     1.11496     1.14297     1.17272    1.22559   0.00140173
a_subj(1.2).4               1.1617   0.0567089       1.0535     1.12417     1.15931     1.19638    1.27805   0.00244389
a_subj(1.0).5              2.82478    0.119654      2.60328     2.74428     2.81745     2.89833    3.07807    0.0047755
a_subj(1.1).5              2.83691    0.126323      2.60781     2.74874     2.83008     2.91758    3.11684   0.00526731
a_subj(1.2).5              2.45263      0.0949       2.2677     2.38777       2.451      2.5149    2.64026   0.00361106
a_subj(1.0).6              1.39294   0.0659772      1.28206     1.34638      1.3881     1.43576    1.53598   0.00304203
a_subj(1.1).6              1.35197   0.0575279      1.24789     1.31144      1.3494     1.39027    1.47141   0.00219523
a_subj(1.2).6              1.27473   0.0455491      1.18821     1.24379     1.27361     1.30384    1.36725   0.00148601
a_subj(1.0).7              2.31418    0.071737      2.17853     2.26436      2.3145     2.36273    2.45521   0.00237046
a_subj(1.1).7              2.43917   0.0888119      2.27482     2.37939     2.43377     2.49664    2.62284   0.00354277
a_subj(1.2).7              3.02358   0.0786975      2.86709     2.97125     3.02385      3.0767    3.17943   0.00164052
a_subj(1.0).8              2.15953    0.086155      1.99711     2.10079     2.15798     2.21543    2.33526   0.00348378
a_subj(1.1).8              1.83638   0.0624067      1.71824     1.79481     1.83514     1.87748    1.96682   0.00242733
a_subj(1.2).8              1.66296   0.0540987      1.56182     1.62511     1.66106     1.70057    1.76811   0.00183521
a_subj(1.0).9              2.34176    0.107644      2.13768     2.26693     2.34136     2.41228    2.55338   0.00435087
a_subj(1.1).9              2.69539    0.112264      2.49233     2.61623     2.68989     2.76914     2.9271   0.00486874
a_subj(1.2).9              2.71833    0.120508      2.48915     2.63478     2.71661     2.79797    2.96643    0.0048102
a_subj(1.0).10             1.80051   0.0641628      1.67461     1.75935     1.79931     1.84286    1.92274   0.00218382
a_subj(1.1).10             3.33098   0.0857077      3.16603      3.2727     3.32866     3.38798    3.50565    0.0017459
a_subj(1.2).10             2.91302   0.0912112      2.74772     2.85043     2.91154     2.97005    3.11207   0.00316501
a_subj(1.0).11             1.53773   0.0786388      1.37044     1.48698     1.53885     1.58906    1.69396   0.00375595
a_subj(1.1).11             1.63088   0.0721981      1.50377     1.58139     1.62764     1.67845    1.78715   0.00315323
a_subj(1.2).11             1.29805   0.0604099       1.1746     1.25851     1.29922     1.33858    1.41542   0.00296737
a_subj(1.0).12              2.0128   0.0521623      1.91489     1.97818     2.00915      2.0476    2.11916   0.00119109
a_subj(1.1).12             1.42806   0.0431239      1.34873     1.39705     1.42738      1.4551    1.51751   0.00133404
a_subj(1.2).12             1.61758   0.0455234      1.53084     1.58855     1.61635     1.64561     1.7138   0.00119974
a_subj(1.0).13             3.14817    0.146358      2.88352     3.04449     3.14512     3.24083    3.44215   0.00655145
a_subj(1.1).13             3.10262    0.168526      2.80161      2.9885     3.09194      3.2153     3.4439   0.00819224
a_subj(1.2).13             3.15903    0.157037      2.85913     3.05495       3.151     3.25926    3.47861   0.00779048
a_subj(1.0).14             2.15197   0.0868392      1.98731     2.09136     2.15119     2.20872    2.32734   0.00328601
a_subj(1.1).14             2.95827    0.168532      2.64046     2.83933     2.95548     3.06923    3.30794   0.00895247
a_subj(1.2).14             2.86506    0.124065      2.61787     2.78231      2.8598     2.95015    3.11068   0.00435433
a_subj(1.0).15             2.13389   0.0640083      2.00861     2.08958     2.13358     2.17677    2.26005   0.00190296
a_subj(1.1).15             2.06717   0.0775754      1.91487     2.01694     2.06783      2.1186    2.21672   0.00367728
a_subj(1.2).15             2.14802   0.0884139      1.98613     2.08905     2.14613     2.19963    2.34663   0.00364318
a_subj(1.0).16             3.22323    0.125378      2.98446     3.13635     3.21843     3.30445    3.47486   0.00427016
a_subj(1.1).16              2.6105   0.0984364      2.42339     2.54081     2.60866     2.67722    2.80527   0.00353794
a_subj(1.2).16               2.479   0.0909171      2.30448     2.42058      2.4748     2.53746    2.66739   0.00348802
a_subj(1.0).17             1.75535   0.0798944      1.60696     1.69942     1.75478     1.80853    1.91512   0.00327384
a_subj(1.1).17              1.6407   0.0725358      1.50818     1.58821     1.63857     1.68948    1.79376   0.00319825
a_subj(1.2).17             1.63954   0.0766798      1.49691      1.5882     1.63667      1.6871    1.80411    0.0038642
a_subj(1.0).18             1.63652   0.0630345      1.51756     1.59337     1.63571      1.6779    1.76208   0.00262954
a_subj(1.1).18             2.07087   0.0932487      1.88898     2.00896     2.07175     2.13414    2.24918   0.00378338
a_subj(1.2).18              1.9191   0.0768149      1.77819     1.86423     1.91587     1.97225    2.07564   0.00295522
a_subj(1.0).19             1.16867   0.0457452      1.07957     1.13736     1.16813     1.20061    1.25535   0.00165309
a_subj(1.1).19             1.17433    0.048915      1.08462     1.14083     1.17357      1.2069    1.27306   0.00196249
a_subj(1.2).19              1.2272   0.0550619      1.12119     1.18965     1.22731     1.26417    1.33408   0.00232188
a_subj(1.0).20             1.62253   0.0481946      1.52997     1.58997     1.61947     1.65559    1.71876   0.00142854
a_subj(1.1).20             1.46426   0.0464084      1.37909     1.43223     1.46261     1.49492     1.5618   0.00145621
a_subj(1.2).20             1.35378   0.0386192      1.27936     1.32792     1.35322     1.37949    1.42851   0.00122846
a_subj(1.0).21             1.46945   0.0703606       1.3401     1.42112     1.46665     1.51434    1.61787   0.00283189
a_subj(1.1).21             1.35945   0.0642119      1.23867     1.31409     1.35663     1.40336     1.4903    0.0027553
a_subj(1.2).21             1.34177   0.0654065      1.22152     1.29619     1.33823     1.38456    1.47744   0.00282576
a_subj(1.0).22             1.27272   0.0899586      1.12087     1.21413     1.26241     1.32262    1.46169   0.00602262
a_subj(1.1).22             1.59046   0.0695937      1.46015     1.54409     1.58654     1.63535    1.73463   0.00293888
a_subj(1.2).22             1.21683   0.0574842       1.1173     1.17494     1.21472     1.25396    1.34016   0.00241483
a_subj(1.0).23             2.20109    0.188166      1.87345     2.07465     2.19045     2.31895    2.61104    0.0144673
a_subj(1.1).23             1.90854    0.142571      1.64975     1.81041     1.89834     1.99282    2.22903    0.0102688
a_subj(1.2).23             2.15785   0.0831814      2.00597     2.09865     2.15494     2.21708    2.32152   0.00306402
a_subj(1.0).24             2.75302    0.122596      2.52947     2.66677     2.74811     2.83485    2.99957    0.0051534
a_subj(1.1).24             2.64036    0.139214      2.37853     2.54746     2.63132     2.72739    2.93369   0.00713106
a_subj(1.2).24             2.24349    0.134151      1.99845     2.15056      2.2372     2.32987    2.53302   0.00735093
a_subj(1.0).25             3.04569   0.0930888      2.87331     2.98272     3.04374      3.1058    3.23282   0.00284296
a_subj(1.1).25             2.40629   0.0789957      2.24863     2.35478     2.40626     2.46047     2.5599   0.00297827
a_subj(1.2).25             2.25416   0.0760133      2.10528     2.20172      2.2537     2.30506     2.4022   0.00213638
a_subj(1.0).26              1.4692   0.0435007      1.38846     1.43889     1.46818     1.49924    1.55619   0.00122978
a_subj(1.1).26             1.40466   0.0547267      1.29418     1.36707     1.40342     1.44045     1.5147   0.00254677
a_subj(1.2).26             1.46485   0.0670822      1.34152     1.41807     1.46315      1.5086    1.60376   0.00308126
a_subj(1.0).27             1.23759   0.0345054      1.17231     1.21393     1.23727     1.25979    1.30856  0.000983436
a_subj(1.1).27             1.21594   0.0389871      1.14337     1.18944     1.21548      1.2425    1.29377   0.00145825
a_subj(1.2).27              1.4638   0.0357607      1.39546     1.43848     1.46322     1.48842    1.53485   0.00113255
a_subj(1.0).28             1.64912   0.0696712      1.52082     1.60099     1.64749     1.69626    1.79169   0.00275544
a_subj(1.1).28             1.95554   0.0750437      1.81825     1.90382     1.95179     2.00084    2.11299   0.00291977
a_subj(1.2).28             1.62624   0.0622913      1.50886     1.58245     1.62507     1.66736    1.75144    0.0021624
a_subj(1.0).29             2.11153   0.0703746      1.98181     2.06414     2.10951     2.15782    2.25634   0.00254911
a_subj(1.1).29             2.13805   0.0761969       1.9905     2.08693     2.13802     2.18914    2.29054   0.00267591
a_subj(1.2).29             1.86094   0.0562753      1.75675     1.82049     1.85952     1.89995    1.96802   0.00201096
a_subj(1.0).30             1.96586   0.0833812       1.8082      1.9085     1.96332     2.02448    2.13031   0.00340568
a_subj(1.1).30             1.87089   0.0841764      1.72256      1.8106     1.87003      1.9257    2.04805    0.0038884
a_subj(1.2).30             1.63591   0.0722742      1.50382     1.58555     1.63232     1.68335    1.78787   0.00313183
a_subj(1.0).31             2.48448    0.106875      2.28003     2.41157     2.48089     2.55486    2.70125   0.00453542
a_subj(1.1).31             2.74955    0.141832      2.47535     2.65565     2.74264     2.83925    3.04562   0.00657208
a_subj(1.2).31             3.04468    0.236527      2.64097     2.85226     3.03402     3.23134    3.48302    0.0189364
a_subj(1.0).32             2.31394   0.0583594      2.20415     2.27345     2.31289     2.35456    2.42865   0.00131765
a_subj(1.1).32              1.5402   0.0384276       1.4672     1.51368     1.53979       1.566    1.61787   0.00102389
a_subj(1.2).32             1.42803   0.0473188      1.33102     1.39831     1.42864     1.45842    1.52245   0.00215776
a_subj(1.0).33             2.21093    0.067959      2.08036     2.16432     2.20952     2.25835    2.34704   0.00180993
a_subj(1.0).34             1.71228   0.0399593      1.63798     1.68425      1.7114     1.74048    1.79192   0.00105533
a_subj(1.0).35             1.90969   0.0553216      1.80515     1.87173     1.90938     1.94593    2.01795   0.00183893
a_subj(1.0).36             2.00285    0.100578      1.80176     1.93535     2.00269     2.06834    2.20378    0.0048575
a_subj(1.0).37             2.82121    0.131767      2.57852     2.73273     2.81321     2.90174    3.09539    0.0057278
a_subj(1.0).38             1.94299   0.0861261      1.78481     1.88212     1.93715     2.00111    2.11805   0.00294797
v(0.0)                     1.99458    0.510986      1.01284      1.6414     1.99584     2.33806    2.98071    0.0129884
v(0.2)                     1.69724    0.514093     0.698119     1.36328     1.70777     2.04916    2.70034    0.0129231
v(1.0)                     1.71594    0.264645       1.1955     1.54013     1.71511     1.88267    2.23616    0.0062199
v(1.1)                     1.23555    0.292214     0.642839     1.04883     1.22406     1.42802    1.81581   0.00649246
v(1.2)                     1.57989    0.287973      1.00825     1.38341     1.58908     1.77652    2.12164   0.00694827
v_std                      1.60868     0.11393      1.40674     1.52723     1.60143     1.68107     1.8539   0.00359648
v_subj(0.0).39             1.86769    0.158432      1.56186     1.76055     1.86486     1.97046    2.17541   0.00420081
v_subj(0.2).39             1.54841      0.5711     0.324388     1.20801     1.59093      1.9392    2.57451    0.0277322
v_subj(0.0).40            0.698182    0.620346     0.092124    0.260671    0.565599    0.914713    2.52913    0.0393839
v_subj(0.2).40            0.480824    0.175828     0.243827    0.347551    0.429262    0.599898   0.883409    0.0100145
v_subj(0.0).41            0.301408    0.382681   -0.0857303    0.108977      0.2082    0.419271   0.994851    0.0200834
v_subj(0.2).41            0.169041    0.587466    -0.706598  -0.0333639   0.0641712    0.283986    1.55942    0.0177989
v_subj(0.0).42             1.02417    0.121626     0.815593    0.944778     1.01563     1.09244     1.2961     0.005215
v_subj(0.2).42             1.69851    0.267412      1.25731      1.5037     1.66771     1.85647    2.30423    0.0165177
v_subj(0.0).43             5.54064    0.588172      4.54509     5.12097     5.46355     5.89093    6.90152    0.0392388
v_subj(0.2).43             1.48544    0.211615      1.11891     1.33106     1.47109      1.6165    1.94275    0.0103719
v_subj(0.0).44              1.6342    0.210227      1.25881     1.48901       1.621     1.77212    2.06937    0.0119431
v_subj(0.2).44             2.18714    0.234497      1.77153     2.02409     2.17352     2.34293    2.66678    0.0112879
v_subj(0.0).45             2.90698    0.185743      2.56536     2.77826     2.90337     3.03247    3.28396   0.00758596
v_subj(0.2).45             2.59087    0.202722      2.21262     2.45194     2.58283     2.71989    3.02628   0.00854737
v_subj(0.0).46             1.28089     0.39374     0.694523     0.99748     1.20806     1.49994    2.23605    0.0261096
v_subj(0.2).46             1.64145    0.120624      1.42936     1.55647     1.63717     1.72095    1.89059   0.00446163
v_subj(0.0).47             1.99799    0.138019      1.73645      1.9078     1.99131     2.09106    2.26891   0.00468162
v_subj(0.2).47             1.87965    0.134143       1.6161     1.79055     1.87524     1.96786    2.15216   0.00367096
v_subj(0.0).48             2.63642    0.208399      2.26239     2.48773     2.62496     2.77557    3.06591   0.00743137
v_subj(0.2).48             3.21534    0.276099      2.68606     3.02757     3.22139     3.40534    3.76787    0.0138877
v_subj(1.0).1              2.46957    0.318961      1.92621     2.24765     2.44223     2.66642    3.16705    0.0146705
v_subj(1.1).1             0.856723    0.107037     0.661022    0.785405    0.852712    0.921022    1.07318   0.00402765
v_subj(1.2).1              1.43014     0.39026     0.918665     1.17321     1.34857     1.59169    2.36924     0.025016
v_subj(1.0).2             0.134791     0.30002    -0.383805   0.0344339    0.117234    0.203071   0.718252    0.0106012
v_subj(1.1).2            -0.246791     0.44988     -1.20005    -0.48511   -0.118266   0.0255843   0.300205     0.018702
v_subj(1.2).2           -0.0313257    0.660665     -1.41759   -0.195201  -0.0196796    0.116376    1.49471    0.0256582
v_subj(1.0).3             0.918853    0.159374      0.65904    0.803561    0.902513     1.00887    1.27947   0.00648905
v_subj(1.1).3              1.33556    0.142222      1.08564     1.23484     1.32932      1.4277    1.63444   0.00518836
v_subj(1.2).3             0.958619    0.102813     0.762568    0.886199    0.961402     1.02738    1.16518   0.00244821
v_subj(1.0).4              1.29926     0.17667     0.983709     1.18336     1.28507     1.40287    1.67172   0.00547988
v_subj(1.1).4              3.01362    0.257133      2.53688     2.84311     3.01319     3.18329    3.56081   0.00834915
v_subj(1.2).4              3.49292    0.302738       2.9383     3.28491     3.48238     3.67574    4.10085    0.0122714
v_subj(1.0).5              2.30061    0.279263       1.7182     2.10887     2.30622     2.50004    2.81316    0.0130015
v_subj(1.1).5              1.22347   0.0993087      1.03309     1.15381     1.22298     1.29033    1.41555   0.00324337
v_subj(1.2).5              1.64471    0.147311      1.37544     1.53645     1.64328     1.74172    1.94338   0.00538702
v_subj(1.0).6              2.32346    0.167247      1.99424     2.21469     2.32541     2.43145    2.66421   0.00595331
v_subj(1.1).6               2.5606    0.172685      2.24048     2.44089     2.55685     2.67745    2.90734   0.00572403
v_subj(1.2).6              2.02034    0.163383      1.70079     1.91197     2.01796     2.12235    2.34404   0.00498221
v_subj(1.0).7             0.616989    0.194944     0.402666    0.492623    0.548317    0.679026    1.13796    0.0137305
v_subj(1.1).7              1.85661    0.311011      1.30722     1.64254     1.83636     2.04308    2.54542    0.0169993
v_subj(1.2).7           -0.0116584    0.232023     -0.30085  -0.0801917  -0.0275127   0.0221346   0.306205   0.00777582
v_subj(1.0).8             0.226289    0.275135    -0.133191   0.0687279    0.150077    0.338255   0.913476    0.0106322
v_subj(1.1).8              1.57692    0.491837     0.331147     1.33352     1.62286     1.88365    2.42919    0.0327977
v_subj(1.2).8             0.580937    0.147228     0.316504    0.480549     0.57194      0.6731   0.901389   0.00425392
v_subj(1.0).9              1.95117    0.147643      1.67058     1.85356     1.94671     2.04522    2.25567   0.00460666
v_subj(1.1).9              1.19399   0.0866498       1.0301     1.13643     1.19181     1.24876    1.36942   0.00251723
v_subj(1.2).9              1.36044   0.0883534      1.19241     1.29949     1.35877     1.42139    1.53796    0.0028056
v_subj(1.0).10            0.225627    0.232447   -0.0362736    0.115744    0.187582    0.266961   0.816782   0.00959273
v_subj(1.1).10           0.0366314    0.423679    -0.582597  -0.0561051    0.038613   0.0899146   0.778011    0.0167751
v_subj(1.2).10            0.174516    0.276504    -0.154199   0.0234702   0.0830762     0.26172   0.923831    0.0122187
v_subj(1.0).11             2.53583    0.153418      2.23921     2.43259     2.53348     2.64087     2.8366   0.00513199
v_subj(1.1).11             2.29668    0.137465      2.02728     2.20929     2.29362     2.38572    2.57117   0.00489042
v_subj(1.2).11             3.09858    0.182579       2.7455     2.97514     3.09061     3.22587    3.45094    0.0052013
v_subj(1.0).12            0.477997   0.0712625     0.337627    0.430087    0.477527    0.528165   0.617017   0.00161532
v_subj(1.1).12           -0.287158    0.387033     -1.08203    -0.44093   -0.230658   -0.114514   0.204701    0.0150274
v_subj(1.2).12           0.0679649    0.437401    -0.618017   -0.138892  -0.0358925    0.117308    1.30786    0.0162996
v_subj(1.0).13             0.85241   0.0731021     0.716512    0.801411    0.848301    0.898778    1.00295   0.00217699
v_subj(1.1).13             2.09621    0.380048      1.57078     1.80623     2.00571     2.32484    3.03879    0.0312666
v_subj(1.2).13             1.62459    0.112543      1.40802     1.54763     1.62093      1.7027    1.84633   0.00433774
v_subj(1.0).14             1.81494    0.157699      1.51976     1.70421     1.80763      1.9189    2.14459   0.00462673
v_subj(1.1).14             1.83788    0.131449      1.58126     1.74785     1.83781     1.92422    2.10263   0.00582489
v_subj(1.2).14             1.13573   0.0901287     0.969488     1.07035      1.1354     1.19692    1.31458    0.0027887
v_subj(1.0).15            0.478357    0.166295     0.222336    0.357861    0.456003    0.583594   0.874434   0.00733133
v_subj(1.1).15            0.961166      0.1131      0.77822    0.886172     0.94881     1.02414    1.23029   0.00460557
v_subj(1.2).15              1.3476    0.100366      1.15725     1.27953     1.34838     1.41151    1.55601   0.00309835
v_subj(1.0).16             1.00931    0.101854     0.826482    0.938353     1.00459     1.07628    1.21777   0.00373788
v_subj(1.1).16             1.32159    0.147946      1.07049     1.21498     1.30937     1.41818     1.6354   0.00647692
v_subj(1.2).16             1.23988   0.0968896       1.0507     1.17489     1.23742      1.3035    1.43452   0.00279117
v_subj(1.0).17             2.72561     0.19905       2.3536     2.59529     2.71729     2.85531    3.12796   0.00698942
v_subj(1.1).17             2.48031     0.24689      2.05539     2.30865     2.45897     2.62547    3.02508    0.0110731
v_subj(1.2).17             2.78426    0.189358      2.43281     2.65152     2.77708     2.90625    3.17288   0.00638175
v_subj(1.0).18             2.25966    0.317179      1.68332     2.03002     2.24386     2.47461    2.90002    0.0190862
v_subj(1.1).18             1.80085    0.138991      1.54705     1.70332     1.79939     1.89184    2.09352   0.00521079
v_subj(1.2).18              1.5785    0.117906      1.35186     1.49733     1.57437     1.65965    1.81812   0.00388195
v_subj(1.0).19             2.95718    0.176431      2.60709     2.84258     2.95566     3.07024    3.32442   0.00517265
v_subj(1.1).19              2.9929    0.214542      2.55584     2.85648     2.99686     3.12819    3.44451    0.0086154
v_subj(1.2).19             3.57377    0.278834      3.08747     3.37295     3.56325     3.74897     4.1825    0.0108055
v_subj(1.0).20             0.31415    0.309828   -0.0765647     0.12532    0.232496    0.428756    1.09248     0.012544
v_subj(1.1).20           -0.203287    0.566655     -1.33606   -0.544475  -0.0918005   0.0912319    0.93673    0.0283269
v_subj(1.2).20           -0.180767    0.302721    -0.877368   -0.272955   -0.169355  -0.0794919   0.491235    0.0103283
v_subj(1.0).21             2.96797    0.216436      2.55907     2.81606     2.96394     3.11721    3.39614   0.00794521
v_subj(1.1).21             3.11206    0.200738      2.70547     2.97955     3.11317     3.24113    3.52291   0.00701796
v_subj(1.2).21             3.36682    0.229728      2.92179     3.20809     3.36984     3.52183    3.82996   0.00827832
v_subj(1.0).22             5.81217    0.551149      4.76918     5.44481     5.79557     6.17336    6.92584    0.0343026
v_subj(1.1).22             3.40418    0.244916       2.9325     3.23739     3.39775     3.57007    3.88202   0.00893577
v_subj(1.2).22             3.84272    0.279406      3.35241     3.65074     3.82276     4.01827    4.45547    0.0107158
v_subj(1.0).23              7.5606    0.468057      6.67034     7.24517     7.54849     7.85599    8.50059    0.0306168
v_subj(1.1).23            -8.38343    0.477956     -9.38434    -8.68305    -8.35873    -8.06816   -7.49863    0.0277289
v_subj(1.2).23              1.2725   0.0971992      1.08916      1.2079     1.26947     1.33856    1.46767   0.00285066
v_subj(1.0).24             1.36775    0.106885      1.16197      1.2952     1.36749     1.43716     1.5901   0.00350873
v_subj(1.1).24             2.28759    0.152927      2.00293     2.18188     2.27775      2.3875    2.61504   0.00614522
v_subj(1.2).24             2.99735    0.215812      2.58114     2.84701     2.99696     3.14379      3.406    0.0102976
v_subj(1.0).25            0.149125    0.160739   -0.0164102   0.0752415    0.114642    0.169807   0.578576   0.00591359
v_subj(1.1).25            0.672897    0.335223     0.332213    0.448029    0.537373    0.803593     1.5784    0.0267879
v_subj(1.2).25            0.971817    0.125531     0.771468    0.886948    0.954983     1.03323    1.27251   0.00623094
v_subj(1.0).26              2.2702    0.559961      1.27197     1.88116     2.23394     2.62416     3.4419    0.0343494
v_subj(1.1).26             1.94008    0.183242      1.60639     1.81036     1.92914      2.0604    2.31583   0.00637005
v_subj(1.2).26             3.51476    0.224479      3.08671     3.36469     3.51227     3.65795     3.9738   0.00882142
v_subj(1.0).27             3.12253    0.607982      1.89416      2.7251     3.12171     3.53051    4.30598    0.0254385
v_subj(1.1).27          -0.0690471    0.424171    -0.768406   -0.238966  -0.0932378   0.0504573   0.773381    0.0129463
v_subj(1.2).27           0.0148879    0.647382      -1.5168   -0.070624   0.0596717    0.180768      1.193    0.0236907
v_subj(1.0).28             1.70473    0.142846       1.4434     1.60533     1.70525      1.7998     1.9905   0.00353843
v_subj(1.1).28              1.9376    0.265675      1.49799     1.74673     1.90283     2.10103    2.50809    0.0146492
v_subj(1.2).28             2.06759    0.154054      1.77303     1.95913     2.06857       2.171    2.36762   0.00450965
v_subj(1.0).29             1.02452   0.0847191     0.865537     0.96541     1.02368     1.08206    1.18904   0.00248372
v_subj(1.1).29            0.900445   0.0847909     0.740029    0.840959    0.902268    0.957838     1.0684   0.00205654
v_subj(1.2).29            0.305139    0.337726   -0.0383191     0.12484    0.209508    0.360449    1.26551    0.0138075
v_subj(1.0).30             1.89189    0.125026      1.64478     1.80644      1.8907     1.97816    2.13608    0.0032959
v_subj(1.1).30             2.45041     0.14173      2.19058     2.35629     2.44854     2.54107     2.7449   0.00546019
v_subj(1.2).30             2.26357    0.170309      1.96515     2.14946     2.25313     2.36998    2.64219   0.00579359
v_subj(1.0).31             1.45006    0.121562      1.22203     1.36574     1.44304     1.52787    1.70485   0.00491276
v_subj(1.1).31             2.10523    0.162865      1.79629     1.99244     2.10339     2.21489    2.43054   0.00769235
v_subj(1.2).31             1.67091    0.109835      1.47105     1.59327      1.6637     1.74213    1.89708   0.00446109
v_subj(1.0).32            0.363624    0.614156    -0.264835  -0.0795805     0.12333    0.705896    1.87906     0.040014
v_subj(1.1).32            0.255806    0.273671   -0.0764538      0.1341    0.212639    0.317936   0.888445    0.0077141
v_subj(1.2).32            0.253685    0.577333    -0.772322  0.00584993    0.132061    0.415218      1.497    0.0174644
v_subj(1.0).33            0.304366   0.0892543     0.164386    0.247541    0.297265    0.347912   0.513904   0.00316113
v_subj(1.0).34            0.311583    0.485297    -0.136254   0.0655557    0.171874    0.407144    1.64121    0.0261588
v_subj(1.0).35            0.871971    0.496253     0.343272    0.494133    0.659491     1.17456    2.06977    0.0389354
v_subj(1.0).36             2.64416     0.17003      2.30738     2.53344     2.64415     2.75795    2.98601   0.00733396
v_subj(1.0).37             1.59368   0.0926816      1.40755     1.53378     1.59368     1.65607    1.77194    0.0030342
v_subj(1.0).38             1.90112     0.14498       1.6282     1.79637     1.89916     1.99591    2.20663   0.00506398
t(0.0)                    0.415924   0.0582238     0.308213    0.376525    0.414491    0.452708   0.532529   0.00141077
t(0.2)                    0.347446   0.0528492     0.244876    0.312638    0.346397    0.380509   0.458746   0.00138261
t(1.0)                    0.309561   0.0335394     0.247198    0.286831     0.30768    0.330424   0.379636   0.00109199
t(1.1)                    0.369662   0.0361865     0.300594    0.344541    0.368263    0.392799   0.443771   0.00105267
t(1.2)                    0.332758   0.0341363     0.266233    0.308843    0.331148     0.35611   0.403363   0.00110342
t_std                     0.250978   0.0240614     0.211454    0.233785    0.248206     0.26583   0.304697  0.000970833
t_subj(0.0).39            0.182452  0.00722419     0.169551     0.17715    0.182128    0.187893   0.195797  0.000289543
t_subj(0.2).39           0.0325769   0.0052503    0.0213459   0.0295469   0.0326779   0.0358589  0.0431329  0.000154612
t_subj(0.0).40            0.153057   0.0250101     0.103513    0.136602    0.154493    0.170535   0.198259  0.000855157
t_subj(0.2).40            0.233848   0.0163664     0.197649    0.224109    0.234612    0.245339   0.262529  0.000485257
t_subj(0.0).41             0.24218   0.0323958     0.180237    0.221049    0.242629    0.263918   0.306355  0.000979728
t_subj(0.2).41            0.138648   0.0359229    0.0655052    0.115252    0.140223    0.164324   0.202978    0.0010974
t_subj(0.0).42            0.276247   0.0210802     0.232437    0.263156    0.276593     0.29073   0.314513  0.000683137
t_subj(0.2).42            0.325095   0.0234445      0.27431    0.310707    0.326255    0.341331   0.366845  0.000798787
t_subj(0.0).43            0.343894   0.0164716     0.310969    0.333308    0.345103    0.355746   0.373303  0.000785989
t_subj(0.2).43            0.475169   0.0328259     0.394878    0.456789    0.480557    0.497722   0.527948   0.00120967
t_subj(0.0).44            0.499937    0.041312     0.423985    0.469858    0.497856    0.528903   0.582435   0.00175536
t_subj(0.2).44            0.369137   0.0221438     0.323904    0.353953    0.369836    0.385772   0.408358   0.00100524
t_subj(0.0).45            0.326228    0.009463     0.306524    0.320293    0.326602    0.333077     0.3432  0.000430159
t_subj(0.2).45            0.324373   0.0106433     0.300567    0.318027    0.325829    0.331693   0.342685  0.000459746
t_subj(0.0).46            0.664855   0.0376731     0.589267    0.639482    0.668461    0.691072   0.732687   0.00147906
t_subj(0.2).46            0.500533    0.019147     0.456501    0.488803    0.501958    0.514112   0.533795  0.000773776
t_subj(0.0).47            0.762671  0.00645231     0.749565    0.758696    0.762983    0.766976   0.774897  0.000200602
t_subj(0.2).47            0.344659  0.00787157     0.326392    0.339918    0.345368    0.350212   0.357964   0.00031454
t_subj(0.0).48            0.356873   0.0107545     0.335189    0.349914    0.356359    0.363434    0.37894  0.000528043
t_subj(0.2).48            0.319663  0.00724326     0.304176    0.315347    0.320056    0.324151   0.333618  0.000295344
t_subj(1.0).1             0.381988  0.00767733     0.365983     0.37728    0.382342    0.387169   0.395817  0.000226913
t_subj(1.1).1             0.636252   0.0170563     0.601779    0.625526    0.636137    0.646914   0.669954  0.000540425
t_subj(1.2).1             0.441361   0.0231524     0.389197    0.426122    0.446508    0.458567    0.47611  0.000906896
t_subj(1.0).2            0.0056767  0.00404639  0.000435648  0.00249624  0.00494033  0.00806249  0.0157291  0.000137098
t_subj(1.1).2            0.0816959   0.0314512    0.0255976   0.0572099   0.0805213    0.106434   0.138345   0.00121832
t_subj(1.2).2             0.147673  0.00951207     0.127611    0.141705    0.147975    0.154415   0.164576   0.00031603
t_subj(1.0).3             0.332086   0.0227368      0.28293    0.317913    0.333187    0.347505   0.373759  0.000723218
t_subj(1.1).3             0.277493   0.0170109     0.241333    0.265946    0.279042    0.289974   0.306443  0.000653172
t_subj(1.2).3            0.0199038  0.00771769   0.00642886    0.014691   0.0193566   0.0242096  0.0383299  0.000250881
t_subj(1.0).4             0.159903   0.0063264     0.148047    0.155019    0.160277    0.164779   0.171104  0.000191948
t_subj(1.1).4             0.306822  0.00372858     0.298897    0.304371    0.306954    0.309418   0.313689  0.000128264
t_subj(1.2).4             0.279739  0.00768439     0.260569    0.275528    0.280075    0.284256   0.295717  0.000315586
t_subj(1.0).5             0.822478    0.032356     0.758152    0.800322    0.823166    0.843569     0.8859   0.00116571
t_subj(1.1).5             0.676818   0.0353591     0.606485    0.652895    0.677272    0.700664   0.746275   0.00130032
t_subj(1.2).5              0.69582    0.025266     0.641111    0.679211    0.699272    0.713853   0.737177   0.00100137
t_subj(1.0).6              0.27407    0.014103     0.242677    0.265513    0.278215    0.284508   0.292747  0.000699616
t_subj(1.1).6             0.302478  0.00732874     0.288383    0.297257    0.302318    0.307926    0.31568   0.00028561
t_subj(1.2).6             0.252861  0.00659652     0.237495    0.249319    0.253157    0.256773   0.265251  0.000201161
t_subj(1.0).7             0.275305   0.0220597     0.228555    0.261812    0.276318    0.290679   0.314961  0.000710483
t_subj(1.1).7             0.333345   0.0214039     0.288129    0.319882    0.335267    0.348438   0.372054  0.000824212
t_subj(1.2).7            0.0242338    0.018577   0.00179182   0.0105024   0.0193437   0.0340422   0.071623  0.000539103
t_subj(1.0).8             0.325105   0.0259779     0.268923    0.308972    0.326145    0.343157   0.370393   0.00110394
t_subj(1.1).8             0.400187   0.0150294      0.36904    0.391159    0.401235    0.410378    0.42675  0.000565427
t_subj(1.2).8             0.490258     0.01122     0.467053     0.48311     0.49106    0.497939   0.510587  0.000390987
t_subj(1.0).9              0.45623   0.0184217     0.417222    0.444697    0.457271    0.468754   0.489637   0.00074028
t_subj(1.1).9             0.304634   0.0256142     0.250753    0.288701    0.305778      0.3229   0.350806   0.00102368
t_subj(1.2).9             0.304097   0.0242325     0.254972    0.288039    0.304772    0.321271   0.350627  0.000963268
t_subj(1.0).10            0.435285   0.0197337     0.399817    0.421236     0.43364    0.447678   0.475876  0.000681646
t_subj(1.1).10           0.0498526   0.0297975   0.00726414   0.0272628   0.0441984   0.0675975   0.119597  0.000796369
t_subj(1.2).10            0.621926    0.052076     0.513109    0.585624    0.626419    0.660011   0.713392   0.00190911
t_subj(1.0).11            0.333214   0.0134408     0.313317    0.324592    0.330411    0.337893   0.366278  0.000661999
t_subj(1.1).11            0.364336  0.00844239     0.345036    0.359547    0.365141    0.370146   0.378841  0.000327875
t_subj(1.2).11            0.330883  0.00705115     0.319062    0.326446    0.330198    0.333898   0.347937  0.000333767
t_subj(1.0).12          0.00583753  0.00447376  0.000396038  0.00256523  0.00484366  0.00800988  0.0171978  0.000141399
t_subj(1.1).12            0.280791   0.0105263     0.259312    0.273846    0.280904    0.288831   0.299065  0.000368732
t_subj(1.2).12           0.0885778   0.0114346    0.0633292   0.0820326   0.0901647   0.0960275   0.107683  0.000320502
t_subj(1.0).13            0.666378   0.0685869      0.53082    0.619084    0.667027     0.72004   0.784007   0.00298248
t_subj(1.1).13            0.491541   0.0317745     0.428206     0.47017    0.492676    0.511521   0.557176   0.00142401
t_subj(1.2).13            0.452806   0.0293439     0.392929    0.432823    0.454476    0.472027   0.508881   0.00137596
t_subj(1.0).14            0.819379   0.0165485     0.783343    0.808953    0.820757    0.830983   0.848271   0.00060166
t_subj(1.1).14            0.542335   0.0294483     0.481108    0.524274    0.544194    0.563127   0.594995   0.00137527
t_subj(1.2).14            0.377688   0.0268544     0.322328     0.36078    0.378961    0.395684   0.427931  0.000876079
t_subj(1.0).15            0.441021   0.0213342     0.400859    0.426451    0.440259    0.455625   0.482626  0.000588112
t_subj(1.1).15            0.484826   0.0339885     0.438687    0.463349    0.476559    0.500247   0.555473   0.00186828
t_subj(1.2).15            0.392673   0.0177758      0.35573     0.38218    0.393158    0.404131   0.426854  0.000635711
t_subj(1.0).16            0.149064   0.0493326    0.0534163    0.113213    0.150238    0.184083    0.24123   0.00166058
t_subj(1.1).16            0.240778   0.0243679      0.18905    0.224902    0.241284    0.257778   0.284967  0.000820004
t_subj(1.2).16            0.249395    0.022949     0.201448     0.23476    0.249878    0.265829   0.291742  0.000835184
t_subj(1.0).17            0.287877  0.00922096     0.268244    0.281913    0.288025     0.29464   0.303999  0.000375671
t_subj(1.1).17            0.264689  0.00901768     0.245559    0.258569    0.265226    0.271275   0.281411  0.000370121
t_subj(1.2).17            0.278333  0.00928204     0.258231    0.272513    0.278908    0.284826   0.294782  0.000452406
t_subj(1.0).18            0.416696     0.01004      0.39671    0.410092    0.417109    0.423582   0.435348  0.000393569
t_subj(1.1).18            0.377603   0.0179599     0.342225    0.365537    0.377658     0.39013   0.411421   0.00069073
t_subj(1.2).18            0.319406   0.0138872     0.288474    0.311187     0.32069     0.32913   0.342824  0.000516253
t_subj(1.0).19            0.291855  0.00495955      0.28326    0.288711    0.291457    0.294358   0.304663  0.000193354
t_subj(1.1).19            0.300708  0.00432969     0.290572    0.298309    0.301022     0.30369   0.308238  0.000162527
t_subj(1.2).19            0.282887  0.00471024     0.273674    0.279814    0.282987    0.285916   0.292574  0.000197739
t_subj(1.0).20            0.291116   0.0104254     0.269424    0.284329    0.291691    0.298637    0.30975  0.000320461
t_subj(1.1).20              0.2294   0.0114016     0.201991    0.223441    0.229947    0.236551   0.249812  0.000382192
t_subj(1.2).20            0.244127   0.0070593      0.22805    0.240049    0.244883    0.248922   0.256021  0.000239079
t_subj(1.0).21            0.405174  0.00799542     0.388406    0.400087    0.405583    0.410608   0.420119  0.000321303
t_subj(1.1).21            0.359818  0.00818616     0.345297    0.354186    0.358728    0.365059    0.37745  0.000330276
t_subj(1.2).21            0.362348  0.00614503     0.349796    0.358064    0.362823    0.366744   0.373191  0.000235355
t_subj(1.0).22            0.324859  0.00743398     0.308142    0.321061    0.325506    0.329859    0.33648  0.000486662
t_subj(1.1).22            0.257579  0.00691459     0.243865     0.25305    0.257605    0.262001   0.271586  0.000244707
t_subj(1.2).22            0.315109  0.00539597     0.304752     0.31138    0.315053    0.319126   0.325126  0.000228342
t_subj(1.0).23            0.416578   0.0126535     0.389417    0.408675    0.417318    0.425191   0.440432  0.000905482
t_subj(1.1).23            0.425758  0.00956064     0.405945    0.419612    0.425715    0.432598   0.443191  0.000624765
t_subj(1.2).23            0.469705   0.0194061     0.431806      0.4564    0.469676     0.48389   0.505385  0.000766206
t_subj(1.0).24            0.443015   0.0230322     0.393424    0.427918    0.444326    0.458937   0.485991  0.000902538
t_subj(1.1).24            0.341419   0.0186955     0.301653    0.329806    0.342847    0.353965   0.375329  0.000888706
t_subj(1.2).24            0.441746   0.0158377     0.409265    0.431497    0.442193    0.453134   0.469681  0.000769595
t_subj(1.0).25            0.199913   0.0429546     0.110496    0.171066    0.201569     0.22959   0.278831   0.00130976
t_subj(1.1).25            0.555896   0.0366903     0.490578      0.5324    0.551172    0.575927   0.641317   0.00133174
t_subj(1.2).25            0.479044    0.020915     0.437981    0.464643    0.478825    0.494214   0.518123  0.000640649
t_subj(1.0).26            0.346879   0.0093998     0.329465    0.340405    0.346219    0.353315   0.365774  0.000266508
t_subj(1.1).26            0.362683   0.0106876     0.345326     0.35511    0.361016    0.369437   0.386023  0.000536549
t_subj(1.2).26            0.410595  0.00578461     0.398507    0.406892    0.410943    0.414681   0.421288  0.000238372
t_subj(1.0).27            0.236564  0.00627673     0.224792    0.232209    0.236473    0.240603   0.249027  0.000164115
t_subj(1.1).27            0.210974   0.0100624     0.191898    0.202542    0.212972    0.219269   0.226244  0.000387031
t_subj(1.2).27           0.0118707   0.0057216   0.00231566  0.00762054   0.0114662   0.0156277   0.023688  0.000173079
t_subj(1.0).28            0.827265   0.0101849      0.80706    0.820038    0.827999    0.834837   0.844675  0.000393143
t_subj(1.1).28             0.36692   0.0148159     0.331973    0.358106    0.369139    0.377461   0.391307  0.000533721
t_subj(1.2).28             0.79247  0.00903107     0.774202     0.78673    0.792229    0.798488   0.811007  0.000313629
t_subj(1.0).29             0.24562   0.0175022     0.209433    0.234622    0.246155    0.257785   0.277946  0.000624187
t_subj(1.1).29            0.518469   0.0305016     0.463803    0.498565    0.517005    0.535241    0.58934   0.00107999
t_subj(1.2).29            0.239562   0.0186128     0.205578    0.227397    0.238618    0.251438   0.276523  0.000664231
t_subj(1.0).30            0.403687   0.0130293     0.377837    0.394659    0.404164     0.41288   0.428555   0.00050447
t_subj(1.1).30            0.401353   0.0102644      0.37965    0.394955    0.401842    0.407806   0.421183  0.000401129
t_subj(1.2).30            0.388201  0.00971477     0.367663    0.382331    0.388611     0.39448   0.407153  0.000400516
t_subj(1.0).31             0.24882   0.0219348     0.201693    0.234736     0.24992    0.264295   0.287401   0.00086422
t_subj(1.1).31            0.248634   0.0219404     0.202564    0.234489    0.250172    0.264144   0.289265  0.000877364
t_subj(1.2).31            0.387387   0.0919249     0.254678    0.300139    0.371937    0.476978   0.514767   0.00811255
t_subj(1.0).32           0.0115628   0.0118925  0.000619076  0.00400909   0.0079378   0.0148099  0.0438323  0.000549253
t_subj(1.1).32          0.00875369  0.00449219   0.00145545  0.00536381  0.00825002   0.0115839   0.018261  0.000140412
t_subj(1.2).32           0.0803676   0.0212063    0.0262806   0.0727559   0.0794568   0.0876204   0.128788   0.00117951
t_subj(1.0).33            0.392063   0.0194796     0.348595    0.380045    0.394171     0.40562   0.425522  0.000577771
t_subj(1.0).34          0.00732165  0.00472678  0.000536064  0.00362445  0.00670533   0.0103234  0.0182332  0.000136581
t_subj(1.0).35            0.479583   0.0161078     0.447141    0.468619    0.480459     0.49135   0.508095  0.000585809
t_subj(1.0).36             0.42203   0.0095417     0.403372    0.415863    0.422308    0.428267   0.440256  0.000378488
t_subj(1.0).37            0.403787   0.0198705     0.361488    0.391697    0.405528     0.41694   0.438338  0.000798074
t_subj(1.0).38            0.372446   0.0107155     0.351152     0.36568    0.373168    0.379781   0.391919  0.000321657
z(0.0)                    0.517461   0.0099186      0.49759     0.51095    0.517434    0.524069   0.536376  0.000305187
z(0.2)                    0.497668  0.00972433     0.478014    0.491364    0.497485    0.504433   0.516444  0.000269104
z(1.0)                    0.491634  0.00506914     0.481759     0.48821    0.491626    0.495218   0.501354   0.00015193
z(1.1)                    0.501574  0.00572854     0.490135    0.497879    0.501517    0.505443   0.512664  0.000168734
z(1.2)                    0.494739  0.00553435     0.483892    0.490955    0.494663    0.498657   0.505361   0.00016902
z_std                     0.106913  0.00938542    0.0895291    0.100345    0.106582    0.112895   0.126572  0.000368826
z_subj(0.0).39            0.478536   0.0144599      0.44976    0.468835     0.47932    0.488424    0.50578  0.000394846
z_subj(0.2).39            0.518717   0.0157909     0.487569    0.507888    0.518491    0.529435   0.549447  0.000626902
z_subj(0.0).40            0.523004   0.0159795     0.490894     0.51244    0.523273    0.534151   0.554141  0.000471486
z_subj(0.2).40            0.525089   0.0144528     0.496026    0.515441    0.525188    0.534813   0.552841  0.000331224
z_subj(0.0).41            0.540138   0.0149797     0.511412    0.530213    0.540424    0.550307   0.569141  0.000371977
z_subj(0.2).41            0.478026   0.0145544     0.450424    0.468369    0.477738     0.48786   0.506091  0.000341258
z_subj(0.0).42            0.484007   0.0148829     0.454716    0.473944    0.484033     0.49407   0.514441  0.000346124
z_subj(0.2).42            0.481415    0.013941     0.453912      0.4721    0.481216    0.490653   0.508883  0.000343504
z_subj(0.0).43            0.601129   0.0122643      0.57723    0.593126    0.600939    0.609265   0.625342  0.000320339
z_subj(0.2).43            0.478342   0.0147071     0.450292    0.468178    0.478367    0.488508   0.506064  0.000396485
z_subj(0.0).44            0.524658   0.0148896      0.49517    0.514798    0.524843     0.53467   0.553295   0.00045666
z_subj(0.2).44            0.515949   0.0134963     0.488124    0.507568     0.51604    0.525329   0.542476  0.000299567
z_subj(0.0).45            0.514628   0.0128293     0.490222    0.505615    0.514561    0.523659    0.53977  0.000265092
z_subj(0.2).45            0.473643   0.0129562     0.448628    0.465163    0.473854    0.482566   0.499059  0.000331571
z_subj(0.0).46            0.505031   0.0154564     0.472537    0.494975     0.50553    0.515349   0.535209  0.000432163
z_subj(0.2).46            0.499867    0.013765     0.472377    0.490444    0.499886    0.509449    0.52753  0.000333676
z_subj(0.0).47            0.506912   0.0136488     0.480443    0.497558    0.507138    0.516304   0.534256  0.000293368
z_subj(0.2).47            0.495438   0.0130701     0.470914    0.486116     0.49558    0.504075    0.52215  0.000305839
z_subj(0.0).48            0.497027    0.013351     0.472447    0.487636    0.497137    0.505782   0.523335  0.000333988
z_subj(0.2).48            0.511999   0.0133296     0.487051    0.502654    0.511767    0.520899   0.538321  0.000313804
z_subj(1.0).1             0.509186   0.0139225     0.481647    0.499705    0.509054    0.518705    0.53601   0.00032272
z_subj(1.1).1             0.560927   0.0154203     0.529962    0.550081    0.561139    0.572133   0.589736  0.000359655
z_subj(1.2).1             0.489042   0.0145876     0.460751    0.479606     0.48928    0.498901   0.518157  0.000331457
z_subj(1.0).2             0.499139    0.014456     0.471779    0.489518    0.498733    0.508384   0.527875  0.000325942
z_subj(1.1).2             0.510443   0.0140854      0.48366    0.500851    0.510076    0.519624    0.53915  0.000300589
z_subj(1.2).2             0.494708   0.0139973     0.466531     0.48492    0.494931    0.504201   0.523085  0.000311419
z_subj(1.0).3             0.474753   0.0148339     0.446342    0.464596    0.475035    0.484768   0.504183  0.000384893
z_subj(1.1).3             0.474713   0.0138942     0.447741    0.465417    0.475284    0.483706   0.503379  0.000316704
z_subj(1.2).3             0.493919   0.0147398     0.464599    0.484373    0.493774    0.504138    0.52234  0.000361587
z_subj(1.0).4             0.506843   0.0145952     0.477144    0.497037    0.507018    0.516675   0.534834  0.000304595
z_subj(1.1).4             0.482773   0.0128432      0.45705    0.474316      0.4829    0.491797   0.508172  0.000303697
z_subj(1.2).4             0.478635   0.0137774     0.451622    0.469756    0.479014    0.487659   0.506293  0.000372824
z_subj(1.0).5             0.479749   0.0160207     0.448226    0.469445    0.479533    0.490775   0.512176  0.000522726
z_subj(1.1).5             0.519433    0.014587     0.490754    0.509061    0.519311    0.529545   0.546558  0.000315537
z_subj(1.2).5             0.515529   0.0142747     0.488394    0.505529    0.515536    0.525289   0.542255  0.000411727
z_subj(1.0).6             0.495263   0.0149744     0.467049    0.485117    0.495114    0.505451   0.524819  0.000440958
z_subj(1.1).6             0.492488   0.0142306     0.465143    0.482929    0.492491    0.502098   0.520548  0.000383661
z_subj(1.2).6             0.490671   0.0146254     0.462396    0.481087    0.490664    0.499985   0.521884  0.000339106
z_subj(1.0).7             0.509081   0.0140098     0.481801    0.499116    0.509241    0.518356   0.536317    0.0003335
z_subj(1.1).7             0.453567    0.013422     0.427771    0.444564    0.453361    0.462186   0.480881  0.000334307
z_subj(1.2).7             0.496843   0.0159955     0.465174    0.486268     0.49654     0.50722    0.52952  0.000385429
z_subj(1.0).8             0.522178   0.0141662     0.493649    0.512665     0.52243    0.531513   0.550388  0.000303513
z_subj(1.1).8             0.528957   0.0151906     0.499879    0.518742    0.529312     0.53925   0.558521  0.000533472
z_subj(1.2).8             0.520634   0.0147334     0.490267    0.511294    0.520856    0.530426   0.549859  0.000397009
z_subj(1.0).9             0.499977   0.0133762     0.473528    0.491092    0.499915    0.509527   0.526205    0.0003849
z_subj(1.1).9             0.526386   0.0144283      0.49892    0.516611       0.526    0.536641   0.554598  0.000301135
z_subj(1.2).9             0.497157   0.0131223     0.470814    0.488576    0.497059    0.506086   0.522976   0.00031539
z_subj(1.0).10            0.483647   0.0147913     0.455702    0.473495     0.48387    0.493764   0.512705  0.000315202
z_subj(1.1).10            0.519671   0.0159028     0.489249    0.508441    0.520151    0.530251    0.55068  0.000395248
z_subj(1.2).10            0.495558   0.0146127     0.466929    0.485499    0.495406    0.505602   0.524532  0.000348976
z_subj(1.0).11            0.465476   0.0139558     0.438409    0.456015    0.465159    0.475107   0.492899  0.000369944
z_subj(1.1).11            0.481645   0.0137098     0.454593    0.472543    0.481951    0.490567   0.507489  0.000298853
z_subj(1.2).11            0.510773    0.013004     0.484502    0.502339    0.510909     0.51936   0.535966  0.000294984
z_subj(1.0).12            0.511025   0.0149796     0.482734    0.500602    0.510901    0.521411   0.541313  0.000339932
z_subj(1.1).12            0.480783   0.0148416      0.45173    0.471052    0.480799    0.490434   0.510088  0.000407972
z_subj(1.2).12            0.507563   0.0147295     0.479355    0.497635    0.507118     0.51752   0.536639  0.000353586
z_subj(1.0).13            0.498257   0.0141415     0.470737    0.488651    0.498354    0.507665   0.526518  0.000314203
z_subj(1.1).13            0.482451    0.014241     0.454231    0.473051     0.48252    0.491832   0.510298  0.000392499
z_subj(1.2).13            0.468774   0.0135636     0.441955    0.459752    0.469089    0.478065   0.495637  0.000316499
z_subj(1.0).14             0.46465   0.0138759     0.436838    0.455334    0.464774    0.474016   0.492092  0.000331317
z_subj(1.1).14             0.51929   0.0129812     0.494495     0.51048    0.519125    0.528048   0.545745  0.000298157
z_subj(1.2).14             0.52023   0.0134961      0.49348    0.511208    0.520562    0.528997   0.546875  0.000342178
z_subj(1.0).15            0.499401   0.0144274     0.470989    0.489774    0.499522    0.509595   0.526922  0.000352041
z_subj(1.1).15            0.517428   0.0150711     0.488328    0.506896    0.517473    0.527519   0.547058  0.000319281
z_subj(1.2).15            0.482502   0.0137987     0.454818    0.473715    0.482633    0.491511   0.509253  0.000275488
z_subj(1.0).16             0.47981   0.0146533     0.451516     0.46989    0.479954    0.489601   0.508769  0.000362265
z_subj(1.1).16            0.485074   0.0143187     0.456657    0.475499    0.484961    0.494708   0.513747  0.000370327
z_subj(1.2).16            0.482208   0.0141409     0.454292    0.472462    0.482253    0.491452   0.510683  0.000329538
z_subj(1.0).17            0.464945   0.0127334     0.438931    0.456576    0.464725    0.473506   0.490284  0.000343843
z_subj(1.1).17            0.477874   0.0128432     0.453004     0.46937    0.477942    0.486755   0.503043   0.00025814
z_subj(1.2).17            0.506638   0.0133222     0.481687     0.49754    0.506437    0.515518   0.534244  0.000311302
z_subj(1.0).18            0.470038   0.0141965     0.441802    0.460668    0.470465     0.47972   0.496212  0.000374384
z_subj(1.1).18            0.476503   0.0135485     0.450372    0.467375    0.476353    0.485258   0.502913  0.000307338
z_subj(1.2).18            0.516258    0.014316     0.488387    0.506617    0.515779    0.525496   0.546642  0.000391651
z_subj(1.0).19            0.476163   0.0139473     0.447877    0.466801    0.476624    0.485795    0.50293  0.000448979
z_subj(1.1).19            0.494376    0.013531     0.468445    0.485251    0.494425    0.503451   0.521163  0.000332976
z_subj(1.2).19            0.484678   0.0134186     0.459223    0.475538    0.484667    0.493596   0.510634  0.000295015
z_subj(1.0).20            0.505109   0.0139616     0.476988     0.49571    0.505565     0.51463   0.532829  0.000309349
z_subj(1.1).20            0.506506   0.0150801      0.47631    0.496643     0.50688    0.516362   0.535978  0.000361029
z_subj(1.2).20            0.471801   0.0142193      0.44429    0.462093    0.471045     0.48161   0.500018  0.000335843
z_subj(1.0).21            0.474836   0.0137207     0.447019    0.465735    0.474733    0.483989   0.501846  0.000359784
z_subj(1.1).21             0.48609   0.0136329     0.459766    0.476591    0.486153    0.495475   0.512216  0.000323777
z_subj(1.2).21            0.467227   0.0129395     0.442034    0.458396    0.467286    0.476089   0.493331  0.000305744
z_subj(1.0).22            0.492456   0.0128953     0.466778    0.484193    0.492675    0.500999   0.517855  0.000364981
z_subj(1.1).22            0.496144   0.0131972     0.469477     0.48741    0.496758    0.504986   0.521624  0.000319799
z_subj(1.2).22            0.475947   0.0133639     0.448766    0.467488    0.475964    0.485008   0.502042   0.00032308
z_subj(1.0).23            0.495243   0.0116825     0.473069    0.487263    0.495249    0.502691   0.519059  0.000329582
z_subj(1.1).23            0.520775   0.0110195     0.498748    0.513341    0.520942    0.528053   0.542583  0.000304419
z_subj(1.2).23            0.499742   0.0139839     0.472871    0.490026    0.499994    0.509239   0.526681  0.000312379
z_subj(1.0).24            0.480791    0.013354     0.454042    0.471714    0.480958    0.489948   0.507274   0.00030216
z_subj(1.1).24            0.507437   0.0121847     0.484054     0.49864    0.507301    0.515835    0.53162  0.000276231
z_subj(1.2).24            0.506998   0.0126145     0.482302    0.498848    0.507313    0.515466   0.531085  0.000321382
z_subj(1.0).25            0.477147   0.0147374     0.448348     0.46717    0.476698    0.487157   0.506025  0.000372192
z_subj(1.1).25            0.518872    0.015874      0.48663     0.50812    0.519384    0.529418   0.549652  0.000501139
z_subj(1.2).25            0.502403   0.0147373      0.47422    0.492259    0.502358    0.512495    0.53213  0.000337038
z_subj(1.0).26            0.507011   0.0147175     0.476983    0.497304    0.507156    0.516349   0.535975  0.000408252
z_subj(1.1).26            0.532922   0.0153208     0.504182    0.522051     0.53245    0.543313   0.564425  0.000503001
z_subj(1.2).26            0.496329    0.012889     0.470767    0.487891    0.496491    0.504755   0.520988  0.000308706
z_subj(1.0).27            0.512277   0.0148097     0.482266     0.50298    0.511864    0.522327   0.541488  0.000382687
z_subj(1.1).27            0.492079   0.0145933     0.463175    0.482095    0.492224     0.50192   0.520396  0.000362731
z_subj(1.2).27            0.493404   0.0141529     0.467058    0.484293    0.492979    0.503036   0.521608  0.000327489
z_subj(1.0).28            0.413239   0.0149426     0.382424    0.403288    0.414162    0.423258   0.441156  0.000455912
z_subj(1.1).28            0.492496   0.0141046     0.465634    0.483134    0.492267    0.501796   0.520576  0.000339693
z_subj(1.2).28            0.462434   0.0133818     0.435166    0.453584    0.463172    0.471302   0.488031  0.000318302
z_subj(1.0).29            0.520641   0.0141829     0.492787     0.51081    0.520392    0.529979   0.548489  0.000370066
z_subj(1.1).29            0.513594   0.0151078     0.483818    0.503403    0.513307    0.523732   0.543254  0.000375429
z_subj(1.2).29            0.531876   0.0142431     0.505054    0.522289    0.531897    0.541703   0.559335  0.000363244
z_subj(1.0).30            0.484365   0.0137941     0.457542    0.474962    0.484669    0.493599   0.511247  0.000326767
z_subj(1.1).30            0.470126   0.0127169     0.446236     0.46116    0.470133    0.478687   0.495404   0.00032363
z_subj(1.2).30            0.511835   0.0138957     0.483978    0.502819    0.511596    0.520848   0.540453    0.0002826
z_subj(1.0).31            0.507064   0.0130051     0.482004    0.498172    0.506834    0.516272   0.532513  0.000318438
z_subj(1.1).31            0.534034   0.0132051     0.507902    0.525672    0.534276    0.542745   0.559912  0.000325011
z_subj(1.2).31            0.467838   0.0136961     0.440237    0.458329    0.468127    0.477391   0.493923  0.000398722
z_subj(1.0).32            0.541977   0.0177894      0.50866    0.529755    0.541034    0.553675   0.579112  0.000737066
z_subj(1.1).32            0.490073   0.0142974     0.462136    0.480612    0.489731    0.499566   0.517584   0.00034732
z_subj(1.2).32            0.490993   0.0144253      0.46209    0.481406     0.49103    0.500868   0.519206  0.000366371
z_subj(1.0).33            0.468983   0.0142296     0.440759    0.459033    0.468991     0.47894    0.49645  0.000359156
z_subj(1.0).34            0.494995   0.0144666     0.467495    0.485295    0.495081    0.504097   0.523194  0.000356597
z_subj(1.0).35            0.477328   0.0161206      0.44433    0.467119    0.477281    0.487865   0.509816  0.000567744
z_subj(1.0).36             0.47445   0.0126903     0.449012    0.465936    0.474433    0.482754   0.499511  0.000316977
z_subj(1.0).37            0.540676   0.0134784     0.513773    0.531573    0.540635    0.549682   0.566425  0.000361007
z_subj(1.0).38            0.506329   0.0139703     0.479103    0.497017    0.506288    0.516234   0.532952  0.000353233
alpha(0.0)                0.484954     1.41211     -2.09573   -0.464589     0.49836     1.39948    3.34776    0.0454081
alpha(0.2)                 1.65363        1.57     -1.38799    0.594395     1.64387     2.63026    4.94098    0.0728413
alpha(1.0)                 2.59306    0.956162     0.843828     1.92241     2.53222     3.24498    4.58733    0.0454672
alpha(1.1)                 2.42822    0.989802     0.558743     1.72696     2.40736     3.07256    4.39775    0.0445929
alpha(1.2)                 3.08482     1.10881     0.931654     2.36336     3.07049     3.79597    5.33279      0.04987
alpha_std                  4.28212    0.690981      3.06957     3.78471     4.24723     4.68372     5.7892    0.0515003
alpha_subj(0.0).39         4.66623     2.56549      1.19338      2.7391     4.19758     6.12388    10.6439    0.0778356
alpha_subj(0.2).39         -2.7784     5.09822     -9.78254    -5.76309    -4.53866    0.348283    9.36697     0.409833
alpha_subj(0.0).40        -1.07694     3.74132     -7.56163    -3.46465    -1.28791    0.332472    8.26878     0.169976
alpha_subj(0.2).40          5.2798     2.93873      1.48237     3.11167     4.67418     6.72549    12.7791     0.096641
alpha_subj(0.0).41         1.73124     4.65851     -7.88455   -0.974271     1.94404     4.58151    10.9911     0.199503
alpha_subj(0.2).41       -0.765438     5.44072     -9.57626    -5.25864    -1.17257     3.43521    9.59507     0.246777
alpha_subj(0.0).42         1.99573     2.03726      0.12619    0.847497     1.38547     2.25337    8.31327     0.077247
alpha_subj(0.2).42        -1.41543    0.347342     -2.03164    -1.66471    -1.42201    -1.19745  -0.684558     0.020456
alpha_subj(0.0).43        -9.50626     1.76907     -14.0206    -10.4046    -9.12228    -8.26204    -7.0675    0.0584365
alpha_subj(0.2).43       -0.373027    0.259882    -0.839022   -0.551101   -0.384964   -0.213164    0.16673   0.00835886
alpha_subj(0.0).44       -0.703079    0.568149     -1.53328    -1.08904   -0.795133   -0.399032   0.718821     0.029627
alpha_subj(0.2).44          3.4416     2.25101      1.27133     1.98777     2.67688      4.0354    9.76506    0.0801211
alpha_subj(0.0).45        0.356665    0.279642    -0.151519    0.176398    0.346414    0.523433   0.958276   0.00921791
alpha_subj(0.2).45         5.52677     2.73899      1.99056     3.42188     4.94626     7.06203    12.1319    0.0925446
alpha_subj(0.0).46         4.88212     2.59643      1.43285     2.95455     4.34309     6.09782    11.4704    0.0923752
alpha_subj(0.2).46         4.67736     2.82875      1.41775     2.60473     3.80399     6.14476    11.9047     0.115504
alpha_subj(0.0).47          2.1457     1.73642     0.537153     1.15733     1.65649     2.36498    7.59782    0.0627379
alpha_subj(0.2).47         6.00495     2.72319      2.16789     3.98383     5.54024      7.4419    12.4358     0.091157
alpha_subj(0.0).48         1.32485    0.921579     0.364231     0.86303     1.17571     1.52323    3.17942    0.0325625
alpha_subj(0.2).48       0.0572286    0.310491    -0.487342   -0.162976   0.0321229    0.245726   0.751635    0.0137107
alpha_subj(1.0).1          5.38458     2.81776      1.79105     3.20519     4.73052     7.03613    12.0471    0.0944112
alpha_subj(1.1).1          5.47266     3.00918     0.820605     3.42792     5.02454      7.1448    12.5682     0.090677
alpha_subj(1.2).1            3.152     3.01585   -0.0377106    0.892569     1.99289     4.73719    10.8235     0.118002
alpha_subj(1.0).2          1.16287     4.73904     -7.28154    -2.17781    0.850295     4.32694    11.1357     0.163523
alpha_subj(1.1).2       -0.0461238     5.34879     -8.96609    -4.60696   0.0477441     3.77348    10.8205      0.28265
alpha_subj(1.2).2         0.231086     5.62813      -9.1815    -4.40095   -0.277147     4.52613    11.1888     0.252282
alpha_subj(1.0).3           2.2247     2.93403    -0.554592    0.294165      1.1327     3.09821    10.7083     0.123616
alpha_subj(1.1).3          3.75548     2.80932     0.719484     1.67528     2.74054     5.30361    10.7692    0.0938909
alpha_subj(1.2).3          5.96565      2.8798      1.60379      3.7936     5.59647     7.72418    12.3321    0.0810001
alpha_subj(1.0).4         0.447549     1.51033     -1.08772   -0.293023    0.154507    0.675759     4.5174    0.0488007
alpha_subj(1.1).4        -0.104065    0.490655     -1.04478   -0.430093   -0.115397    0.208135   0.909302    0.0146282
alpha_subj(1.2).4          0.93505    0.430255     0.211097    0.638906    0.893361     1.17136    1.93259    0.0123382
alpha_subj(1.0).5          -2.0895    0.301824     -2.56228     -2.2962     -2.1237    -1.93043   -1.41107    0.0142716
alpha_subj(1.1).5          1.78599     1.61394     0.461055     1.00075     1.35433     1.88185    7.42299    0.0661179
alpha_subj(1.2).5          5.06567      3.2504      1.20612     2.58004     4.27973     6.73679    13.2062     0.103991
alpha_subj(1.0).6          2.98783     2.61704     0.524051     1.29348     1.97194     3.76743    10.4316    0.0983446
alpha_subj(1.1).6          3.56608     2.75751     0.693579     1.52597     2.53286     4.94343    10.5665     0.105095
alpha_subj(1.2).6          4.67223     3.13306     0.778451     2.21939       3.914     6.46898    12.2325     0.102494
alpha_subj(1.0).7          6.13841     2.83224      2.04814     4.04275     5.66221     7.75104    12.9195    0.0840339
alpha_subj(1.1).7          5.26111       2.753      1.76849      3.1403     4.59179     6.81334    12.1543    0.0867248
alpha_subj(1.2).7           1.9705     5.18183     -7.89871     -1.7745     2.26724     5.54631    12.0712      0.19955
alpha_subj(1.0).8          1.98227     5.27101      -7.8639    -2.17677     2.60801      5.5544    11.3116     0.215211
alpha_subj(1.1).8         -4.47725     3.39171     -9.49449    -5.67068    -4.75745    -4.13527    7.21093     0.285232
alpha_subj(1.2).8          6.11564       2.949      1.71986     3.89758     5.68156     7.77833    12.8752    0.0856064
alpha_subj(1.0).9          1.05628    0.798756      0.12359    0.649204    0.932208      1.2999    2.66514    0.0285385
alpha_subj(1.1).9          5.01192     2.91978      1.47921     2.79261     4.34391     6.56811     12.159    0.0993244
alpha_subj(1.2).9          3.40074     2.80373     0.832996     1.58787     2.33644      4.1678     11.492     0.113698
alpha_subj(1.0).10         1.77009     4.41189     -5.62654    -1.48314     1.37612     4.84231    10.9718     0.161961
alpha_subj(1.1).10        0.796997     5.54905     -9.16581    -3.91633     1.39785     4.64363    11.2084     0.267337
alpha_subj(1.2).10        0.621875        5.69     -9.30893    -4.16512    0.877997     4.77327    11.3907     0.268267
alpha_subj(1.0).11         5.60803     2.61228      2.11211     3.59399     5.12544     7.09806    11.9741    0.0899666
alpha_subj(1.1).11         6.22972     2.69748      2.41254     4.24351     5.71196     7.70996    12.8482    0.0896393
alpha_subj(1.2).11         5.16153     2.80367      1.76958     2.97008      4.4064      6.7729     11.659      0.09131
alpha_subj(1.0).12         5.30554     2.97368     0.828799     3.11975     4.83424     7.06592     12.178     0.083302
alpha_subj(1.1).12          1.8553     4.83381     -7.85487    -1.24888     2.20253     5.20138    10.9397     0.201198
alpha_subj(1.2).12          1.4115     5.55927      -8.6128    -3.08985     1.94499     5.22601    12.0675     0.251997
alpha_subj(1.0).13         4.41469     3.04473     0.189948     2.04988     3.88802     6.31034    11.2297    0.0828174
alpha_subj(1.1).13      -0.0413819     1.00433     -1.39175   -0.718474   -0.124695    0.501895    1.80958    0.0662543
alpha_subj(1.2).13        0.707886    0.391025    0.0711925    0.455756    0.677076    0.920926     1.4757    0.0102227
alpha_subj(1.0).14         6.07199     2.86569      2.21381     3.93031     5.46916     7.63126    13.1479     0.092492
alpha_subj(1.1).14          2.5253     1.84759      1.04333     1.59243     1.98295     2.62212    8.35374    0.0801836
alpha_subj(1.2).14         3.73884     2.74664     0.917721     1.77971     2.68617     5.05828    10.9658     0.110452
alpha_subj(1.0).15         4.87875     3.28613    -0.482155     2.54607     4.50218     6.79033    12.3286     0.106696
alpha_subj(1.1).15         3.78658     3.11694    -0.104993     1.42223     2.92932     5.62908      11.39     0.107059
alpha_subj(1.2).15         5.64147     2.92402      1.66969     3.33531     5.05379     7.46088    12.4868    0.0800369
alpha_subj(1.0).16         5.87393     2.76884      1.94553     3.82777      5.3226     7.44539    12.4475    0.0866088
alpha_subj(1.1).16         5.74704     2.87207      1.98515     3.51683     5.20738      7.3803    12.9388    0.0852426
alpha_subj(1.2).16         6.39601     2.77589      2.53516      4.3168     5.84046     7.92506    13.1087     0.080159
alpha_subj(1.0).17        0.229948    0.334745    -0.365524  0.00021314    0.210196    0.436553   0.944968   0.00988541
alpha_subj(1.1).17       -0.160091    0.502175    -0.990592   -0.491568   -0.192405    0.135038   0.839094    0.0168058
alpha_subj(1.2).17        0.750256    0.382874     0.119445    0.491613    0.715934     0.96597    1.61681     0.011527
alpha_subj(1.0).18       -0.106458    0.741322      -1.0016   -0.537255   -0.205378    0.169614    1.20852    0.0402072
alpha_subj(1.1).18          1.1269     1.40581   -0.0468203    0.502515    0.832818     1.28438    4.65049    0.0598927
alpha_subj(1.2).18          2.5718      2.4584     0.462895     1.15222     1.67268     2.84923    9.74499      0.10307
alpha_subj(1.0).19          5.7681     2.94641      1.97983     3.63338     5.10584     7.33038    13.0626     0.100839
alpha_subj(1.1).19         2.19221     2.19623     0.293358    0.969654     1.49139     2.36358    9.03245    0.0970992
alpha_subj(1.2).19        0.607567     1.16917    -0.374438    0.107576     0.41734    0.832157    2.42111    0.0617835
alpha_subj(1.0).20         3.14572     4.31132     -5.17421    0.577304     3.04555     5.70722    12.3333      0.13053
alpha_subj(1.1).20        -1.06011     5.51704     -9.62411    -5.30502    -1.98739     3.23253    10.2123     0.292032
alpha_subj(1.2).20         2.55275     4.98191      -7.0103    -1.05105     2.93528     5.96902    11.9296     0.196032
alpha_subj(1.0).21         7.09604     2.62028      3.41856     5.13367      6.5825     8.57568    13.4654     0.078162
alpha_subj(1.1).21        0.875363    0.731985    0.0665001     0.48964    0.755197     1.08862    2.37583    0.0310504
alpha_subj(1.2).21         6.76323     2.81036      2.95005     4.67806     6.28719     8.19883    13.5547    0.0936758
alpha_subj(1.0).22       -0.366766    0.294063    -0.847545   -0.570653   -0.405094    -0.20452   0.323577    0.0182165
alpha_subj(1.1).22         6.83532     2.62883      3.14304     4.90275     6.37294     8.24179    13.1345    0.0875528
alpha_subj(1.2).22        0.495877    0.391751    -0.238507    0.240525    0.474672    0.726275    1.33677    0.0114585
alpha_subj(1.0).23        -8.07552      1.8054     -12.5909    -8.90557    -7.71817    -6.81489   -5.67047    0.0709779
alpha_subj(1.1).23           1.156     1.87053    -0.523478    0.126107    0.606169     1.36558     6.9903    0.0704538
alpha_subj(1.2).23         6.29193     2.91631       2.1337     4.09232     5.80118     7.90974    13.1072    0.0921079
alpha_subj(1.0).24         4.99204     2.83436      1.52117     2.74363     4.26152     6.65999    11.8969    0.0966143
alpha_subj(1.1).24         5.87719     2.78662      2.26933     3.75358     5.34403     7.48319    12.5339    0.0916879
alpha_subj(1.2).24         5.03242     2.71873      1.95584      3.0043      4.2325     6.40089    12.0342    0.0810871
alpha_subj(1.0).25          2.5228     4.70235     -5.78742    -1.01869     2.63274     5.72414    11.6584     0.180355
alpha_subj(1.1).25        0.351521     2.74152     -2.96776    -1.09634   -0.373313    0.684747    8.42093     0.128572
alpha_subj(1.2).25         5.58558     3.17918      1.33751     3.14839     4.98725     7.43588    13.3099     0.106791
alpha_subj(1.0).26        -0.13701    0.728797     -0.92029   -0.491938   -0.232625   0.0719237    1.07685    0.0340246
alpha_subj(1.1).26         5.91116     2.75766      2.07882     3.77717     5.37887      7.5168    12.3582    0.0821802
alpha_subj(1.2).26         6.37328     2.89853      2.42611      4.1163     5.81896     8.11212    13.0509    0.0900442
alpha_subj(1.0).27        -3.79102     0.58426     -5.00165    -4.07292    -3.75962    -3.43696    -2.8353    0.0231606
alpha_subj(1.1).27         1.55795     4.95228     -7.64707    -2.06835     1.65387     4.89603    11.6351      0.16772
alpha_subj(1.2).27         1.08887     5.67251     -8.90512    -3.74905     1.49111     5.15105    12.1194      0.24439
alpha_subj(1.0).28         6.76346     2.60263      3.12642     4.87357     6.22611     8.30058    12.9741    0.0842472
alpha_subj(1.1).28         2.87082     2.35121     0.611481     1.39072     2.03597     3.46441    9.79224    0.0909728
alpha_subj(1.2).28         1.84685     1.76478     0.505823     0.98977     1.38642     1.90779    7.54039    0.0754791
alpha_subj(1.0).29         6.50659     2.66277      2.74717     4.56464     5.99451     7.99133    12.7981    0.0850392
alpha_subj(1.1).29         4.85927     2.92204     0.850955     2.65815     4.28036     6.58138    11.6598    0.0884706
alpha_subj(1.2).29         2.74828     4.62077      -5.2393   -0.703128     2.46252     5.63395    12.4104     0.156299
alpha_subj(1.0).30         6.19417     2.71567      2.44648     4.08272     5.77496     7.77093    12.8803     0.076318
alpha_subj(1.1).30         6.51969     2.54555      2.93493     4.59066     6.04431     8.04146    12.3358    0.0853125
alpha_subj(1.2).30         6.22305     2.91598      2.19375     4.02562     5.65495     7.75335     13.624    0.0925479
alpha_subj(1.0).31         1.19239     1.12033     0.211981    0.686671    0.974236     1.36531    3.65143     0.053908
alpha_subj(1.1).31         0.12089    0.322302    -0.453811   -0.110185    0.107989    0.330366   0.797064    0.0129416
alpha_subj(1.2).31        0.714623    0.466001    0.0567881    0.453867    0.669047    0.912629    1.52972    0.0156869
alpha_subj(1.0).32        -1.35804     5.99849     -10.7217    -6.26172     -2.5197       3.573    9.90595     0.440351
alpha_subj(1.1).32         2.06021     4.07827     -5.28595   -0.533319     1.63226     4.56897    10.8747     0.135345
alpha_subj(1.2).32        0.346585     5.25599     -8.36465    -3.77224   -0.202888      4.3828    10.9058     0.229623
alpha_subj(1.0).33         3.94898       3.255    -0.326773     1.41414     3.22873     5.75363    12.0781      0.10084
alpha_subj(1.0).34        0.702638     5.31882     -8.51928    -3.65412     1.10947     4.56124    11.1768     0.233046
alpha_subj(1.0).35         3.08436      3.2953    -0.388315    0.553044     1.92326      4.8166    11.5641     0.170883
alpha_subj(1.0).36         3.74313     2.71771      1.07303     1.88146     2.69838     4.76505    11.1745     0.100812
alpha_subj(1.0).37         6.00631     2.75384      2.29491     3.90611     5.41946     7.56648    12.5255    0.0861333
alpha_subj(1.0).38         3.02274     2.51097     0.701811     1.41086     2.15041     3.81176     10.394    0.0909716
pos_alpha(0.0)            0.479124     1.21081     -1.78558   -0.298219    0.449378     1.25423    2.93073    0.0510088
pos_alpha(0.2)            0.925384     1.30725     -1.46572   0.0285298    0.870693     1.76442    3.60513    0.0632679
pos_alpha(1.0)             1.95817    0.754617     0.586771     1.43823     1.92974     2.42344    3.54091    0.0369188
pos_alpha(1.1)             1.28296    0.737042    -0.109247    0.775119     1.25288     1.76913    2.78636    0.0303743
pos_alpha(1.2)             2.20865     0.83331     0.656922     1.64279     2.19348     2.74568     3.9292    0.0366857
pos_alpha_std              3.17192    0.561945      2.26374     2.78591     3.10835     3.48321    4.50244    0.0419401
pos_alpha_subj(0.0).39     3.28685     2.08938     0.342849     1.76597     2.90901     4.43557    8.38379    0.0775411
pos_alpha_subj(0.2).39     1.20761     3.57436     -4.57011    -1.63969     1.19769     3.53984    8.57357     0.256958
pos_alpha_subj(0.0).40    -1.89604     3.82783     -7.86356    -4.80384    -2.80126    0.892082    6.09371     0.245858
pos_alpha_subj(0.2).40    0.652554     3.34179     -2.95186    -2.15857   -0.915247     3.09913    8.43038     0.198876
pos_alpha_subj(0.0).41     -1.3628     3.48425     -6.88776    -3.82226    -2.12698    0.999938    6.30036     0.168317
pos_alpha_subj(0.2).41    -0.67513     4.28887     -7.81147    -4.17795   -0.769349     2.52197    7.69533     0.165503
pos_alpha_subj(0.0).42     2.18966     2.11436    -0.662622    0.717891     1.68121     3.21342    7.44582    0.0755297
pos_alpha_subj(0.2).42     3.68564      2.4674    -0.742928     2.09083     3.60763     5.17191    9.17986     0.088078
pos_alpha_subj(0.0).43    -3.24706    0.247448     -3.74879    -3.41105    -3.24383      -3.082   -2.78346    0.0162058
pos_alpha_subj(0.2).43    -1.98906    0.342949     -2.59617    -2.22981    -2.00096    -1.77292   -1.25653    0.0160929
pos_alpha_subj(0.0).44   0.0216238     1.36228     -1.50313   -0.826326   -0.263613    0.460545    4.00979    0.0621507
pos_alpha_subj(0.2).44    -1.12291    0.355512     -1.75278    -1.37093    -1.14299   -0.888341  -0.363584    0.0162882
pos_alpha_subj(0.0).45     2.95779     2.02334      0.29011     1.42781     2.55974     4.17272    7.82365     0.067488
pos_alpha_subj(0.2).45    0.758391     1.39692    -0.502348  -0.0121837    0.397393     0.95086    4.87185    0.0616596
pos_alpha_subj(0.0).46    -2.24174    0.683333     -3.30512    -2.69731    -2.29395    -1.87733  -0.905646    0.0447204
pos_alpha_subj(0.2).46     2.11798     2.07444    -0.376491    0.729065     1.50906     2.94551    7.52177    0.0758281
pos_alpha_subj(0.0).47     2.76981     1.98552     0.229709     1.34052     2.29291     3.71675    7.75323    0.0665925
pos_alpha_subj(0.2).47     3.06392     2.00716     0.493711     1.60249     2.57067      4.0471    8.34749    0.0741371
pos_alpha_subj(0.0).48     2.70555     1.90675     0.416956     1.38965     2.14742     3.61417    7.52768    0.0763222
pos_alpha_subj(0.2).48     2.59193     2.05589     0.113348     1.11064     2.02946     3.60424    8.05152    0.0778875
pos_alpha_subj(1.0).1     -1.19634    0.351007      -1.8354    -1.42318    -1.21675   -0.979377   -0.46007    0.0151811
pos_alpha_subj(1.1).1      2.11664     2.20249    -0.583257    0.424076     1.59469     3.24556    7.86219    0.0786113
pos_alpha_subj(1.2).1     -1.63071    0.611458     -2.84552    -2.02863    -1.59624    -1.22278  -0.487143    0.0366168
pos_alpha_subj(1.0).2      1.77025     3.62259     -5.72747   -0.202576      2.0854     4.10764    8.41452     0.132821
pos_alpha_subj(1.1).2     0.027589     3.97282     -7.25677    -3.11558    0.442435     2.88292    7.35124     0.201662
pos_alpha_subj(1.2).2      1.16253     3.96463     -6.42769    -1.55449     1.52979     3.78506    8.60266     0.152085
pos_alpha_subj(1.0).3     -1.52141    0.491885     -2.50165    -1.86749     -1.5198     -1.1934  -0.527695    0.0197244
pos_alpha_subj(1.1).3    -0.388192    0.576233     -1.29578   -0.742127    -0.43664   -0.117728   0.826814    0.0193826
pos_alpha_subj(1.2).3      4.76582     2.11681      1.65373     3.25957     4.40564      5.9451    10.0677    0.0638184
pos_alpha_subj(1.0).4      4.43136     2.26766      1.07982     2.82673     4.04306     5.72484    9.63601    0.0795245
pos_alpha_subj(1.1).4     0.448632      1.2247    -0.901592    -0.22322     0.21127    0.782221    3.46936    0.0426101
pos_alpha_subj(1.2).4     0.731664     1.10611     -0.37201    0.154977    0.483585    0.915744    4.05671     0.040905
pos_alpha_subj(1.0).5     0.772653    0.611331    -0.113207    0.384067    0.686618     1.04842    2.16996    0.0161719
pos_alpha_subj(1.1).5     0.895358     1.07903    -0.338055    0.293558    0.672318      1.1704    3.93702    0.0323182
pos_alpha_subj(1.2).5     -0.56454    0.438165     -1.24224   -0.862008   -0.624106   -0.333321   0.495402    0.0164618
pos_alpha_subj(1.0).6      3.50801     2.13103     0.692215     1.92605     3.02536     4.67184    8.61551    0.0727214
pos_alpha_subj(1.1).6       4.7103     2.10246      1.77585     3.23225     4.28031     5.74812    9.87198    0.0742371
pos_alpha_subj(1.2).6      2.26602     2.06975   -0.0279129    0.837945     1.63655     3.04934    7.73596      0.07972
pos_alpha_subj(1.0).7      1.47197     2.82303     -2.37058    -0.93538     1.07576     3.20878    8.05059     0.159529
pos_alpha_subj(1.1).7     -1.57364    0.400062     -2.33042    -1.83089    -1.58504    -1.32832  -0.736274    0.0217668
pos_alpha_subj(1.2).7      1.26771      3.7111     -5.59888     -1.4102     1.37286     3.79583    8.43337     0.129983
pos_alpha_subj(1.0).8     0.906825     3.95368     -6.05861    -2.38147     1.24082     3.71201    8.38388     0.176888
pos_alpha_subj(1.1).8      2.33011     2.30886    -0.688634    0.647508     1.73444     3.51931    8.10754    0.0763173
pos_alpha_subj(1.2).8     -1.16174    0.697484     -2.53922    -1.58641    -1.14832   -0.727108   0.104186    0.0236029
pos_alpha_subj(1.0).9      1.53591     1.38488     0.184089    0.723996     1.14057     1.79144    6.05089    0.0517535
pos_alpha_subj(1.1).9      4.64342     2.00404      1.75832      3.1769     4.29371      5.7125    9.80533    0.0593076
pos_alpha_subj(1.2).9      4.58076     2.22799      1.14067     2.95451     4.23762     5.89206    9.57763    0.0606308
pos_alpha_subj(1.0).10      2.1552     3.13837     -4.17702    0.248097     2.09593     4.11223    8.53253    0.0882706
pos_alpha_subj(1.1).10    0.667271     4.01209     -7.01002    -1.91374    0.953208      3.2963     7.9301      0.16145
pos_alpha_subj(1.2).10     1.27055     3.74699     -5.94873    -1.21952      1.4586     3.84677    8.32438     0.141591
pos_alpha_subj(1.0).11     3.66961     2.12575     0.893506     2.08706     3.18621     4.78428    8.94361    0.0745383
pos_alpha_subj(1.1).11      3.7366     2.11611     0.919002     2.10747     3.29574     4.91507    8.92164    0.0735191
pos_alpha_subj(1.2).11     4.85314      2.3242      1.62296     3.21117     4.41816     6.09692    10.4483    0.0769997
pos_alpha_subj(1.0).12     3.45037     2.31892     0.116503     1.73624     3.03349     4.81623    9.07678     0.067071
pos_alpha_subj(1.1).12   -0.155957      3.5739     -6.20341    -2.70023   -0.589549     2.12871    7.80079     0.117859
pos_alpha_subj(1.2).12     1.28428     4.05405     -6.94033    -1.33931     1.56203     4.15746     8.6271     0.153326
pos_alpha_subj(1.0).13     4.87792     2.14034      1.73499     3.31317       4.594     6.09528    9.96834    0.0647278
pos_alpha_subj(1.1).13  -0.0282412    0.631114    -0.861243   -0.379725  -0.0898436    0.222711    1.00315    0.0266416
pos_alpha_subj(1.2).13     2.26747     2.08249     0.123284    0.950983     1.57927     2.86422    7.94362    0.0707897
pos_alpha_subj(1.0).14   -0.495894    0.298596     -1.03589   -0.705069   -0.511412   -0.298456   0.103223    0.0085767
pos_alpha_subj(1.1).14     2.41243     1.75356     0.499412     1.24047     1.87259     3.08126    7.27463    0.0664265
pos_alpha_subj(1.2).14     4.23764     2.20359      1.01912     2.61206     3.90128     5.50834    9.41676     0.065718
pos_alpha_subj(1.0).15   -0.417039     2.12327     -2.52873    -1.70075    -1.13858   0.0531411    5.65988     0.101468
pos_alpha_subj(1.1).15     2.46955     2.44685    -0.898835    0.498488     2.16135     3.92812    8.14814    0.0897685
pos_alpha_subj(1.2).15       2.704     2.15975     0.224126     1.14678     2.08548     3.63507    8.42413    0.0770137
pos_alpha_subj(1.0).16   -0.607256    0.407117     -1.33554   -0.885012   -0.627899   -0.356325   0.267552    0.0147424
pos_alpha_subj(1.1).16     -1.0351    0.330014     -1.64715    -1.25729    -1.05205   -0.813421  -0.368704    0.0136347
pos_alpha_subj(1.2).16   -0.743584    0.263088     -1.25529   -0.913116   -0.748418     -0.5726  -0.235552   0.00682214
pos_alpha_subj(1.0).17     3.13412     2.37672     0.329314     1.35906     2.53519     4.25756    9.60588    0.0922854
pos_alpha_subj(1.1).17      2.9818     2.36541    -0.367721     1.17266     2.62606     4.36844    8.37799    0.0872429
pos_alpha_subj(1.2).17     4.54644     2.07466      1.59962     2.96643     4.24107     5.72121    9.50642    0.0706339
pos_alpha_subj(1.0).18     4.45851     2.16619      1.39333     2.90386     4.02052     5.51322    9.70119    0.0707475
pos_alpha_subj(1.1).18     4.74442     1.98545      1.92979     3.33303     4.36616     5.76132    9.73674    0.0701182
pos_alpha_subj(1.2).18      3.6045     2.32421     0.535224     1.87256      3.1016     4.87939    9.11643    0.0790406
pos_alpha_subj(1.0).19     3.87783     2.22724     0.930787     2.15406     3.38175     5.17862    9.22455    0.0800121
pos_alpha_subj(1.1).19     2.67212     1.89103     0.448526     1.37132      2.1095       3.442    7.84268    0.0698112
pos_alpha_subj(1.2).19     3.74277     2.42177     0.491431     1.88882      3.2777     5.10343    9.45753    0.0876924
pos_alpha_subj(1.0).20   -0.348499     3.55759     -6.00329    -2.98062     -0.9085      2.0875    7.10548     0.153041
pos_alpha_subj(1.1).20    0.657035      3.9175     -7.01419    -2.05475     1.04745     3.30715    7.91631     0.170863
pos_alpha_subj(1.2).20     2.31497     3.51928     -5.10713    0.221416      2.3892     4.45949    9.57469     0.112003
pos_alpha_subj(1.0).21     2.38189     1.88458     0.316675     1.08207     1.78629     3.19739    7.42156    0.0733063
pos_alpha_subj(1.1).21     3.19511     2.09106     0.532698     1.65589      2.7115     4.30606    8.46008    0.0714098
pos_alpha_subj(1.2).21     3.88268     2.17169      1.10906     2.23644     3.42141     4.97219    9.20371    0.0770742
pos_alpha_subj(1.0).22     1.95736     1.87697     0.164765    0.832676     1.35551     2.34078      7.244    0.0752138
pos_alpha_subj(1.1).22   -0.481486    0.248765    -0.940296   -0.650636   -0.489101    -0.31536  0.0301297    0.0071765
pos_alpha_subj(1.2).22     4.00535     2.31927    0.0457943     2.36705     3.78687     5.42861    9.09734    0.0719257
pos_alpha_subj(1.0).23    0.487593     1.08489    -0.816413  -0.0922405    0.306611    0.795363    3.40984    0.0355934
pos_alpha_subj(1.1).23    -7.23822     1.33632     -10.5965    -7.83602    -6.96999    -6.32597   -5.44087    0.0476094
pos_alpha_subj(1.2).23     4.14171     2.24656      1.13265     2.46472     3.71912     5.30027     9.5151     0.076236
pos_alpha_subj(1.0).24     4.35144     2.12653      1.40201     2.74943     3.99837     5.47959    9.49856    0.0662192
pos_alpha_subj(1.1).24     2.29994     1.74264     0.440477     1.13839     1.76251     2.81812    7.09126    0.0666994
pos_alpha_subj(1.2).24    0.355936    0.236952   -0.0839024    0.191135    0.345209    0.515217   0.843742   0.00575348
pos_alpha_subj(1.0).25     2.00042     3.26507     -4.04411   -0.265074     1.87963     4.06167    8.99578     0.114821
pos_alpha_subj(1.1).25    0.943264     2.91191      -3.7831     -1.0026    0.997995     2.75953     7.1006     0.204756
pos_alpha_subj(1.2).25     2.52576      2.6486     -1.11467    0.431219     2.02526     4.10753    8.91022     0.112663
pos_alpha_subj(1.0).26    -3.06235    0.557385     -4.00997    -3.40971    -3.10098    -2.79024   -1.92083    0.0370943
pos_alpha_subj(1.1).26     1.30332     1.63674    -0.279916    0.365294    0.829544     1.58671    6.53275    0.0567708
pos_alpha_subj(1.2).26     1.20554     1.71397    -0.234608    0.358157    0.770498     1.38125    6.42719    0.0835064
pos_alpha_subj(1.0).27      4.4025     2.23934      1.03193     2.74886     4.07362     5.72576    9.91125    0.0776902
pos_alpha_subj(1.1).27   -0.100045     3.63349     -6.74796    -2.69598   -0.420482     2.51689     7.0523     0.106768
pos_alpha_subj(1.2).27     1.18236     3.96479     -6.14636    -1.88362     1.42829     4.03648    8.67602     0.144338
pos_alpha_subj(1.0).28     3.40202     2.33323     0.302629     1.64005     2.90153      4.7533    9.12934    0.0713117
pos_alpha_subj(1.1).28    0.650096      2.0891     -1.44383   -0.724548  -0.0152723     1.33557    6.62283    0.0940928
pos_alpha_subj(1.2).28     4.65501      2.1244      1.52703      3.1387     4.32343      5.8125    9.40593       0.0654
pos_alpha_subj(1.0).29     4.00123     2.20966     0.871408     2.30893     3.62696     5.26086    9.13428    0.0784853
pos_alpha_subj(1.1).29     3.93015     2.14275     0.730014     2.36638     3.60248     5.16249    9.01527     0.070358
pos_alpha_subj(1.2).29    0.960262     3.70728     -5.11285    -2.11678    0.978057     3.52371    8.51471     0.154992
pos_alpha_subj(1.0).30     5.11909     2.04273      2.07681     3.62878     4.76361     6.29081     9.8787    0.0681849
pos_alpha_subj(1.1).30     4.93708     1.83379       2.2409     3.59459     4.64272     5.97929    9.26617    0.0579468
pos_alpha_subj(1.2).30     2.48896      2.2629    -0.173034    0.811746     1.81266     3.61144    8.31084     0.083711
pos_alpha_subj(1.0).31     2.97834      2.2501     0.304321     1.34794     2.38841     4.04158    8.68996    0.0778911
pos_alpha_subj(1.1).31   -0.224466    0.274827    -0.730616   -0.417563   -0.234308  -0.0456982   0.334648   0.00682055
pos_alpha_subj(1.2).31     4.60483     2.23796      1.41771      2.9242     4.21335     5.80343    10.0756    0.0800169
pos_alpha_subj(1.0).32    0.345229     3.78498     -6.78478    -2.02869     0.01865     2.85472     8.4405     0.160397
pos_alpha_subj(1.1).32    0.908842     3.42335     -5.75768    -1.42749    0.890059     3.19055    7.63812     0.104855
pos_alpha_subj(1.2).32     1.53284     3.88077     -6.46284    -1.07538     2.11937     4.13515     8.3721     0.166768
pos_alpha_subj(1.0).33     3.00318     2.79001     -2.11026     1.10115     2.82643     4.71405    9.04968     0.086575
pos_alpha_subj(1.0).34    0.764668     4.03513     -6.40716    -2.58018    0.930047     3.67707    8.41926     0.175759
pos_alpha_subj(1.0).35   -0.583516     2.84945     -3.98356    -2.83869    -1.31879     1.10092    6.39244     0.200032
pos_alpha_subj(1.0).36     2.88971     2.13299     0.217565       1.305     2.33759     4.01331    8.44433     0.073891
pos_alpha_subj(1.0).37     4.26446     2.00174      1.45943     2.73174     3.80616     5.50368    8.97952    0.0621757
pos_alpha_subj(1.0).38     2.85661     2.20311     0.249686     1.24916      2.2339     3.89763    8.43623    0.0720665
